   0.00000000    
  -3.18871107E-09
  -1.27806850E-08
  -2.88536661E-08
  -5.15379384E-08
  -8.10173617E-08
  -1.17530888E-07
  -1.61374473E-07
  -2.12903473E-07
  -2.72535573E-07
  -3.40754127E-07
  -4.18112052E-07
  -5.05236358E-07
  -6.02833268E-07
  -7.11693872E-07
  -8.32700493E-07
  -9.66833909E-07
  -1.11518136E-06
  -1.27894532E-06
  -1.45945319E-06
  -1.65816800E-06
  -1.87670037E-06
  -2.11682163E-06
  -2.38047824E-06
  -2.66980715E-06
  -2.98715349E-06
  -3.33508956E-06
  -3.71643546E-06
  -4.13428188E-06
  -4.59201601E-06
  -5.09334814E-06
  -5.64234142E-06
  -6.24344602E-06
  -6.90153411E-06
  -7.62193986E-06
  -8.41050223E-06
  -9.27361270E-06
  -1.02182676E-05
  -1.12521238E-05
  -1.23835616E-05
  -1.36333483E-05
  -1.50290052E-05
  -1.65992387E-05
  -1.83741686E-05
  -2.03855725E-05
  -2.26671473E-05
  -2.52576756E-05
  -2.82013370E-05
  -3.15422876E-05
  -3.53249998E-05
  -3.95975294E-05
  -4.44234938E-05
  -4.98767949E-05
  -5.60364206E-05
  -6.29870847E-05
  -7.08199004E-05
  -7.96447493E-05
  -8.95911289E-05
  -1.00797632E-04
  -1.13418864E-04
  -1.27626699E-04
  -1.43605866E-04
  -1.61572840E-04
  -1.81777621E-04
  -2.04488315E-04
  -2.30010759E-04
  -2.58690969E-04
  -2.90917931E-04
  -3.27129674E-04
  -3.67811037E-04
  -4.13503381E-04
  -4.64817625E-04
  -5.22445131E-04
  -5.87165996E-04
  -6.59855607E-04
  -7.41491560E-04
  -8.33167462E-04
  -9.36113356E-04
  -1.05172023E-03
  -1.18155126E-03
  -1.32735458E-03
  -1.49109447E-03
  -1.67498528E-03
  -1.88151165E-03
  -2.11346382E-03
  -2.37397384E-03
  -2.66656210E-03
  -2.99518602E-03
  -3.36428592E-03
  -3.77884507E-03
  -4.24446166E-03
  -4.76742256E-03
  -5.35478443E-03
  -6.01447932E-03
  -6.75541954E-03
  -7.58761680E-03
  -8.52231588E-03
  -9.57214180E-03
  -1.07512772E-02
  -1.20756533E-02
  -1.35631626E-02
  -1.52339051E-02
  -1.71104595E-02
  -1.92181878E-02
  -2.15855744E-02
  -2.42446195E-02
  -2.72312630E-02
  -3.05858720E-02
  -3.43537778E-02
  -3.85859050E-02
  -4.33394536E-02
  -4.86786775E-02
  -5.46757318E-02
  -6.14116713E-02
  -6.89775348E-02
  -7.74755776E-02
  -8.70206505E-02
  -9.77417454E-02
 -0.109783746    
 -0.123309374    
 -0.138501406    
 -0.155565068    
 -0.174730912    
 -0.196257815    
 -0.220436528    
 -0.247593552    
 -0.278095514    
 -0.312354088    
 -0.350831509    
 -0.394046634    
 -0.442581862    
 -0.497090936    
 -0.558307290    
 -0.627053618    
 -0.704252481    
 -0.790937901    
 -0.888268292    
 -0.997540295    
  -1.12020409    
  -1.25787961    
  -1.41237354    
  -1.58569717    
  -1.78008342    
  -1.99800313    
  -2.24217749    
  -2.51558638    
  -2.82146358    
  -3.16327953    
  -3.54469442    
  -3.96947265    
  -4.44133425    
  -4.96371174    
  -5.53937054    
  -6.16983080    
  -6.85452271    
  -7.58960533    
  -8.36641884    
  -9.16964149    
  -9.97544670    
  -10.7502956    
  -11.4513588    
  -12.0297136    
  -12.4369106    
  -12.6340837    
  -12.6009245    
  -12.3409176    
  -11.8804178    
  -11.2620077    
  -10.5351229    
  -9.74747181    
  -8.93942451    
  -8.14170265    
  -7.37554407    
  -6.65417671    
  -5.98471069    
  -5.36991310    
  -4.80965376    
  -4.30198574    
  -3.84390450    
  -3.43186355    
  -3.06210995    
  -2.73089743    
  -2.43461370    
  -2.16985226    
  -1.93345010    
  -1.72250152    
  -1.53435802    
  -1.36661851    
  -1.21711385    
  -1.08389437    
 -0.965207636    
 -0.859484136    
 -0.765318990    
 -0.681456089    
 -0.606774211    
 -0.540272593    
 -0.481058210    
 -0.428335547    
 -0.381394565    
 -0.339602649    
 -0.302396953    
 -0.269276023    
 -0.239792258    
 -0.213548258    
 -0.190189853    
 -0.169401333    
 -0.150902182    
 -0.134442821    
 -0.119799919    
 -0.106776342    
  -9.51958448E-02
  -8.49020779E-02
  -7.57568404E-02
  -6.76351413E-02
  -6.04279265E-02
  -5.40382639E-02
  -4.83794697E-02
  -4.33748625E-02
  -3.89567837E-02
  -3.50661762E-02
  -3.16498391E-02
  -2.86623463E-02
  -2.60622986E-02
  -2.38145441E-02
  -2.18892209E-02
  -2.02594995E-02
  -1.89040657E-02
  -1.78041700E-02
  -1.69450920E-02
  -1.63155869E-02
  -1.59070492E-02
  -1.57135911E-02
  -1.57325212E-02
  -1.59642585E-02
  -1.64118409E-02
  -1.70809999E-02
  -1.79812890E-02
  -1.91243868E-02
  -2.05253754E-02
  -2.22042855E-02
  -2.41832826E-02
  -2.64891423E-02
  -2.91525181E-02
  -3.22095305E-02
  -3.57012823E-02
  -3.96759361E-02
  -4.41861562E-02
  -4.92936261E-02
  -5.50667457E-02
  -6.15834445E-02
  -6.89322948E-02
  -7.72125274E-02
  -8.65351930E-02
  -9.70267877E-02
 -0.108829044    
 -0.122101061    
 -0.137023643    
 -0.153797194    
 -0.172648534    
 -0.193832219    
 -0.217634410    
 -0.244376570    
 -0.274419725    
 -0.308169872    
 -0.346082240    
 -0.388667732    
 -0.436501205    
 -0.490226626    
 -0.550566912    
 -0.618333638    
 -0.694435775    
 -0.779893458    
 -0.875848711    
 -0.983580470    
  -1.10451865    
  -1.24026227    
  -1.39259434    
  -1.56350052    
  -1.75518489    
  -1.97008836    
  -2.21090174    
  -2.48057222    
  -2.78230381    
  -3.11953926    
  -3.49591947    
  -3.91520333    
  -4.38112688    
  -4.89717436    
  -5.46621895    
  -6.08997154    
  -6.76817417    
  -7.49745989    
  -8.26985073    
  -9.07094097    
  -9.87802887    
  -10.6587801    
  -11.3713923    
  -11.9674015    
  -12.3978453    
  -12.6221714    
  -12.6174202    
  -12.3840914    
  -11.9460106    
  -11.3442640    
  -10.6279554    
  -9.84537506    
  -9.03797150    
  -8.23767376    
  -7.46681404    
  -6.73949862    
  -6.06348324    
  -5.44197941    
  -4.87514544    
  -4.36120939    
  -3.89726400    
  -3.47980833    
  -3.10510111    
  -2.76938701    
  -2.46903181    
  -2.20060277    
  -1.96090615    
  -1.74700463    
  -1.55621886    
  -1.38611758    
  -1.23450387    
  -1.09940326    
 -0.979040205    
 -0.871823728    
 -0.776329577    
 -0.691284299    
 -0.615552306    
 -0.548118472    
 -0.488075942    
 -0.434618771    
 -0.387026936    
 -0.344660074    
 -0.306948453    
 -0.273382097    
 -0.243507951    
 -0.216922924    
 -0.193269417    
 -0.172226653    
 -0.153510079    
 -0.136868134    
 -0.122074895    
 -0.108931035    
  -9.72595811E-02
  -8.69036168E-02
  -7.77221620E-02
  -6.95913881E-02
  -6.24015480E-02
  -5.60538322E-02
  -5.04652746E-02
  -4.55594324E-02
  -4.12706919E-02
  -3.75389680E-02
  -3.43142152E-02
  -3.15545648E-02
  -2.92223021E-02
  -2.72858627E-02
  -2.57194005E-02
  -2.45008878E-02
  -2.36140303E-02
  -2.30473988E-02
  -2.27937717E-02
  -2.28477716E-02
  -2.32117828E-02
  -2.38885041E-02
  -2.48879418E-02
  -2.62248889E-02
  -2.79162936E-02
  -2.99856160E-02
  -3.24589722E-02
  -3.53711843E-02
  -3.87613103E-02
  -4.26751226E-02
  -4.71654721E-02
  -5.22947200E-02
  -5.81308156E-02
  -6.47538155E-02
  -7.22518042E-02
  -8.07265267E-02
  -9.02916491E-02
 -0.101076722    
 -0.113227233    
 -0.126908422    
 -0.142304629    
 -0.159623981    
 -0.179099217    
 -0.200994551    
 -0.225605592    
 -0.253263891    
 -0.284344077    
 -0.319265187    
 -0.358497620    
 -0.402570367    
 -0.452076674    
 -0.507685065    
 -0.570143282    
 -0.640289962    
 -0.719065964    
 -0.807526290    
 -0.906853974    
  -1.01836896    
  -1.14355004    
  -1.28405011    
  -1.44171011    
  -1.61857879    
  -1.81693125    
  -2.03927970    
  -2.28839207    
  -2.56729436    
  -2.87926340    
  -3.22780609    
  -3.61660957    
  -4.04944229    
  -4.52999592    
  -5.06161642    
  -5.64689779    
  -6.28706217    
  -6.98105717    
  -7.72431231    
  -8.50712872    
  -9.31280708    
  -10.1158609    
  -10.8810101    
  -11.5640221    
  -12.1154852    
  -12.4879408    
  -12.6452122    
  -12.5709763    
  -12.2730160    
  -11.7811661    
  -11.1399221    
  -10.3989735    
  -9.60503960    
  -8.79686546    
  -8.00343227    
  -7.24443150    
  -6.53187037    
  -5.87196827    
  -5.26688719    
  -4.71610832    
  -4.21744919    
  -3.76777720    
  -3.36348820    
  -3.00081921    
  -2.67604232    
  -2.38557696    
  -2.12605739    
  -1.89436531    
  -1.68764174    
  -1.50328100    
  -1.33892357    
  -1.19244266    
  -1.06192493    
 -0.945649981    
 -0.842078686    
 -0.749833524    
 -0.667684376    
 -0.594534874    
 -0.529399931    
 -0.471408308    
 -0.419776678    
 -0.373810649    
 -0.332892299    
 -0.296468824    
 -0.264049619    
 -0.235195890    
 -0.209522218    
 -0.186678767    
 -0.166358173    
 -0.148285866    
 -0.132217869    
 -0.117937118    
 -0.105248377    
  -9.39828753E-02
  -8.39861780E-02
  -7.51235932E-02
  -6.72754720E-02
  -6.03366010E-02
  -5.42113259E-02
  -4.88186665E-02
  -4.40880880E-02
  -3.99549790E-02
  -3.63591984E-02
  -3.32575738E-02
  -3.06058563E-02
  -2.83650085E-02
  -2.65086815E-02
  -2.50091832E-02
  -2.38478146E-02
  -2.30083410E-02
  -2.24787239E-02
  -2.22520567E-02
  -2.23242007E-02
  -2.26964727E-02
  -2.33755745E-02
  -2.43702456E-02
  -2.56935544E-02
  -2.73638591E-02
  -2.94030178E-02
  -3.18390094E-02
  -3.47070955E-02
  -3.80456708E-02
  -4.18984443E-02
  -4.63190153E-02
  -5.13662547E-02
  -5.71091063E-02
  -6.36234730E-02
  -7.09991381E-02
  -7.93335065E-02
  -8.87392536E-02
  -9.93432254E-02
 -0.111290723    
 -0.124742240    
 -0.139879361    
 -0.156907648    
 -0.176056832    
 -0.197586134    
 -0.221786946    
 -0.248983935    
 -0.279542983    
 -0.313879222    
 -0.352456748    
 -0.395795882    
 -0.444479614    
 -0.499165833    
 -0.560587525    
 -0.629570842    
 -0.707040906    
 -0.794035614    
 -0.891716421    
  -1.00138235    
  -1.12449086    
  -1.26266623    
  -1.41772413    
  -1.59167862    
  -1.78677058    
  -2.00547910    
  -2.25053167    
  -2.52491760    
  -2.83187914    
  -3.17489481    
  -3.55762982    
  -3.98384738    
  -4.45726299    
  -4.98129702    
  -5.55868435    
  -6.19089270    
  -6.87726831    
  -7.61384344    
  -8.39177322    
  -9.19549179    
  -10.0008774    
  -10.7740746    
  -11.4719944    
  -12.0456095    
  -12.4466267    
  -12.6366444    
  -12.5960617    
  -12.3291416    
  -11.8628836    
  -11.2402372    
  -10.5107040    
  -9.72182751    
  -8.91368771    
  -8.11669254    
  -7.35179663    
  -6.63200474    
  -5.96426010    
  -5.35122013    
  -4.79268169    
  -4.28664923    
  -3.83009720    
  -3.41946888    
  -3.05100727    
  -2.72097087    
  -2.42575383    
  -2.16195607    
  -1.92642355    
  -1.71625566    
  -1.52881336    
  -1.36170506    
  -1.21276939    
  -1.08006227    
 -0.961839378    
 -0.856532931    
 -0.762746572    
 -0.679227650    
 -0.604861975    
 -0.538650870    
 -0.479707450    
 -0.427236974    
 -0.380535066    
 -0.338970333    
 -0.301981777    
 -0.269073546    
 -0.239801392    
 -0.213768750    
 -0.190622598    
 -0.170052230    
 -0.151782095    
 -0.135560751    
 -0.121171407    
 -0.108420484    
  -9.71325636E-02
  -8.71544480E-02
  -7.83541873E-02
  -7.06137046E-02
  -6.38262033E-02
  -5.79015799E-02
  -5.27573414E-02
  -4.83278558E-02
  -4.45494503E-02
  -4.13717106E-02
  -3.87524776E-02
  -3.66582982E-02
  -3.50595638E-02
  -3.39370817E-02
  -3.32723260E-02
  -3.30562517E-02
  -3.32857333E-02
  -3.39655466E-02
  -3.51018384E-02
  -3.67154256E-02
  -3.88232619E-02
  -4.14598063E-02
  -4.46536355E-02
  -4.84516919E-02
  -5.29071279E-02
  -5.80785014E-02
  -6.40339851E-02
  -7.08578452E-02
  -7.86385983E-02
  -8.74826163E-02
  -9.75100249E-02
 -0.108855963    
 -0.121675238    
 -0.136138856    
 -0.152441546    
 -0.170803651    
 -0.191475391    
 -0.214732081    
 -0.240889132    
 -0.270301938    
 -0.303365171    
 -0.340525240    
 -0.382284284    
 -0.429203093    
 -0.481917441    
 -0.541137278    
 -0.607657492    
 -0.682369947    
 -0.766276121    
 -0.860498071    
 -0.966290593    
  -1.08506227    
  -1.21838284    
  -1.36800325    
  -1.53587747    
  -1.72417450    
  -1.93529868    
  -2.17189956    
  -2.43688440    
  -2.73341823    
  -3.06490874    
  -3.43497038    
  -3.84735084    
  -4.30580235    
  -4.81386757    
  -5.37454605    
  -5.98977327    
  -6.65966225    
  -7.38141394    
  -8.14788055    
  -8.94577694    
  -9.75379753    
  -10.5411406    
  -11.2673664    
  -11.8847265    
  -12.3438025    
  -12.6021051    
  -12.6334391    
  -12.4345112    
  -12.0258026    
  -11.4462929    
  -10.7444687    
  -9.96922588    
  -9.16332817    
  -8.36023903    
  -7.58371067    
  -6.84900379    
  -6.16473484    
  -5.53471136    
  -4.95948553    
  -4.43752241    
  -3.96605134    
  -3.54163527    
  -3.16055107    
  -2.81903911    
  -2.51343799    
  -2.24028230    
  -1.99633563    
  -1.77862370    
  -1.58442569    
  -1.41127455    
  -1.25694036    
  -1.11941361    
 -0.996887982    
 -0.887745440    
 -0.790535688    
 -0.703966141    
 -0.626880229    
 -0.558245599    
 -0.497138053    
 -0.442736864    
 -0.394312322    
 -0.351212919    
 -0.312855005    
 -0.278723240    
 -0.248357058    
 -0.221345127    
 -0.197324306    
 -0.175972164    
 -0.156998962    
 -0.140147179    
 -0.125189424    
 -0.111924335    
 -0.100174285    
  -8.97786319E-02
  -8.05980191E-02
  -7.25066066E-02
  -6.53947964E-02
  -5.91664091E-02
  -5.37368096E-02
  -4.90325913E-02
  -4.49910089E-02
  -4.15558554E-02
  -3.86822298E-02
  -3.63299996E-02
  -3.44687551E-02
  -3.30747664E-02
  -3.21284309E-02
  -3.16154137E-02
  -3.15308832E-02
  -3.18732597E-02
  -3.26467827E-02
  -3.38620581E-02
  -3.55338603E-02
  -3.76833007E-02
  -4.03417461E-02
  -4.35467623E-02
  -4.73372564E-02
  -5.17691113E-02
  -5.69002032E-02
  -6.28004074E-02
  -6.95496947E-02
  -7.72398412E-02
  -8.59732628E-02
  -9.58698466E-02
 -0.107061170    
 -0.119699165    
 -0.133958429    
 -0.150025129    
 -0.168118879    
 -0.188483059    
 -0.211396128    
 -0.237164184    
 -0.266135752    
 -0.298703998    
 -0.335307509    
 -0.376437753    
 -0.422649473    
 -0.474566102    
 -0.532887757    
 -0.598398447    
 -0.671978354    
 -0.754612327    
 -0.847406626    
 -0.951599360    
  -1.06857276    
  -1.19987845    
  -1.34724367    
  -1.51259005    
  -1.69806039    
  -1.90602469    
  -2.13910174    
  -2.40016508    
  -2.69234705    
  -3.01902342    
  -3.38378239    
  -3.79036069    
  -4.24251795    
  -4.74384642    
  -5.29743624    
  -5.90540409    
  -6.56816101    
  -7.28336430    
  -8.04453659    
  -8.83931160    
  -9.64754391    
  -10.4397335    
  -11.1766462    
  -11.8112497    
  -12.2939034    
  -12.5806494    
  -12.6426668    
  -12.4734468    
  -12.0905170    
  -11.5308847    
  -10.8423347    
  -10.0741568    
  -9.27017593    
  -8.46515274    
  -7.68407631    
  -6.94323015    
  -6.25199986    
  -5.61473370    
  -5.03233385    
  -4.50348902    
  -4.02555275    
  -3.59515047    
  -3.20857906    
  -2.86207056    
  -2.55194950    
  -2.27471685    
  -2.02710676    
  -1.80611086    
  -1.60898149    
  -1.43321478    
  -1.27654600    
  -1.13694274    
  -1.01257217    
 -0.901795268    
 -0.803140700    
 -0.715288103    
 -0.637069762    
 -0.567436159    
 -0.505452812    
 -0.450286835    
 -0.401198983    
 -0.357531965    
 -0.318692416    
 -0.284158021    
 -0.253466159    
 -0.226199478    
 -0.201986864    
 -0.180500746    
 -0.161456883    
 -0.144588709    
 -0.129669905    
 -0.116502590    
 -0.104908466    
  -9.47349370E-02
  -8.58412385E-02
  -7.81086311E-02
  -7.14282244E-02
  -6.57154247E-02
  -6.08878322E-02
  -5.68892844E-02
  -5.36528789E-02
  -5.11399806E-02
  -4.93117683E-02
  -4.81482372E-02
  -4.76346277E-02
  -4.77682203E-02
  -4.85468358E-02
  -4.99804579E-02
  -5.20896763E-02
  -5.49026057E-02
  -5.84553480E-02
  -6.27987757E-02
  -6.79984167E-02
  -7.41121545E-02
  -8.12271461E-02
  -8.94434378E-02
  -9.88699198E-02
 -0.109632976    
 -0.121878184    
 -0.135771558    
 -0.151503980    
 -0.169283643    
 -0.189354688    
 -0.211981684    
 -0.237477168    
 -0.266184181    
 -0.298490137    
 -0.334829122    
 -0.375690728    
 -0.421624660    
 -0.473251492    
 -0.531265020    
 -0.596444011    
 -0.669667959    
 -0.751910806    
 -0.844276428    
 -0.948001206    
  -1.06446207    
  -1.19520235    
  -1.34194243    
  -1.50659966    
  -1.69130421    
  -1.89842176    
  -2.13055778    
  -2.39057302    
  -2.68159318    
  -3.00698543    
  -3.37032866    
  -3.77535701    
  -4.22583771    
  -4.72536707    
  -5.27706337    
  -5.88308620    
  -6.54392052    
  -7.25734615    
  -8.01705837    
  -8.81093311    
  -9.61912823    
  -10.4124928    
  -11.1521196    
  -11.7911854    
  -12.2800140    
  -12.5742865    
  -12.6444998    
  -12.4832897    
  -12.1073771    
  -11.5532150    
  -10.8683720    
  -10.1022205    
  -9.29886055    
  -8.49340057    
  -7.71116352    
  -6.96870947    
  -6.27563238    
  -5.63642693    
  -5.05210161    
  -4.52139664    
  -4.04170609    
  -3.60967255    
  -3.22161102    
  -2.87374187    
  -2.56238699    
  -2.28403831    
  -2.03542805    
  -1.81353545    
  -1.61560059    
  -1.43910527    
  -1.28178906    
  -1.14160597    
  -1.01671803    
 -0.905478954    
 -0.806408644    
 -0.718191743    
 -0.639650345    
 -0.569734693    
 -0.507504106    
 -0.452120870    
 -0.402845323    
 -0.359009802    
 -0.320024222    
 -0.285362542    
 -0.254554063    
 -0.227185860    
 -0.202888295    
 -0.181329653    
 -0.162221223    
 -0.145308435    
 -0.130358428    
 -0.117171504    
 -0.105567247    
  -9.53880847E-02
  -8.64984542E-02
  -7.87755400E-02
  -7.21203238E-02
  -6.64371848E-02
  -6.16530702E-02
  -5.77015691E-02
  -5.45323566E-02
  -5.21009900E-02
  -5.03740236E-02
  -4.93221246E-02
  -4.89363186E-02
  -4.92089987E-02
  -5.01481816E-02
  -5.17619401E-02
  -5.40774204E-02
  -5.71221597E-02
  -6.09374307E-02
  -6.55758828E-02
  -7.10988343E-02
  -7.75809884E-02
  -8.51098150E-02
  -9.37894806E-02
 -0.103733033    
 -0.115077257    
 -0.127977729    
 -0.142599463    
 -0.159154892    
 -0.177858263    
